35
0
1   0.9700436  -0.24308753   0   0.466203685   0.43236573   0
1  -0.9700436   0.24308753  -0   0.466203685   0.43236573   0
5   0           0            0  -0.932407370  -0.86473146  -0
5   1           -1            0  -0.932407370  -0.473146  -0
100  2.9700436  0.24308753   0.89   0.466203685   0.43236573   0
11   1.9700436  -0.24308753   0   1.466203685   0.43236573   0
12  -1.9700436   0.24308753  -0   0.466203685   0.43236573   0
53   0           4            0  -1.932407370  -0.86473146  -0
5   11           -1            0  -0.932407370  -0.473146  -0
100  12.9700436  0.24308753   0.89   0.466203685   0.43236573   0
1   10.9700436  -0.24308753   0   10.466203685   0.43236573   0
1  -10.9700436   0.24308753  -0   0.466203685   0.43236573   0
5   20           0            0  -0.932407370  -0.86473146  -0
5   15           -1            0  -10.932407370  -0.473146  -0
1   70.9700436  -0.24308753   0   0.466203685   0.43236573   0
1  -70.9700436   0.24308753  -0   0.466203685   0.43236573   0
5   70           0            0  -0.932407370  -0.86473146  -0
5   71           -1            0  -0.932407370  -0.473146  -0
100  82.9700436  0.24308753   0.89   0.466203685   0.43236573   0
11   81.9700436  -0.24308753   0   1.466203685   0.43236573   0
12  -81.9700436   0.24308753  -0   0.466203685   0.43236573   0
53   80           4            0  -1.932407370  -0.86473146  -0
5   101           -1            0  -0.932407370  -0.473146  -0
100  412.9700436  0.24308753   0.89   0.466203685   0.43236573   0
1   40.9700436  -0.24308753   0   10.466203685   0.43236573   0
1  -40.9700436   0.24308753  -0   0.466203685   0.43236573   0
5   40           0            0  -0.932407370  -0.86473146  -0
5   45           -1            0  -10.932407370  -0.473146  -0
1   05.9700436  -05.24308753   0   0.466203685   0.43236573   0
1  -05.9700436   05.24308753  -0   0.466203685   0.43236573   0
5   05           05            0  -0.932407370  -0.86473146  -0
5   15           -15            0  -0.932407370  -0.473146  -0
100  25.9700436  05.24308753   0.89   0.466203685   0.43236573   0
11   15.9700436  -05.24308753   0   1.466203685   0.43236573   0
12  -15.9700436   05.24308753  -0   0.466203685   0.43236573   0
53   05           45            0  -1.932407370  -0.86473146  -0
1   09.9700436  -05.24308753   0   0.466203685   0.43236573   0
1  -09.9700436   05.24308753  -0   0.466203685   0.43236573   0
5   09           05            0  -0.932407370  -0.86473146  -0
5   19           -15            0  -0.932407370  -0.473146  -0
100  29.9700436  05.24308753   0.89   0.466203685   0.43236573   0
11   19.9700436  -05.24308753   0   1.466203685   0.43236573   0
12  -19.9700436   05.24308753  -0   0.466203685   0.43236573   0
53   09           45            0  -1.932407370  -0.86473146  -0
