44
1.001901427466046
1 -1.721319951637296 1.736930776777471 -0.6437449502077919 -3.997296135720083 4.918834744487641 -2.260295350682956
1 0.876192438755248 3.264575809033747 0.6276352970254503 1.117834715967328 7.102601560333738 0.822723828707781
5 3.76440033494149 2.877535068288542 3.847666321483734 -0.8116241486927597 3.888802492518417 5.231807974182808
5 0.8234595628468125 -0.9416947685297956 -7.209791881568436 -1.969833794245682 -0.8943980441842814 -10.7192664684437
100 4.845570379390906 2.221353233436406 1.369696030000911 2.245926933581525 3.498878020180841 1.568381917511984
11 3.617044608512597 1.77999615669868 0.5319818220005031 1.766399801485267 3.382148571512833 1.053228756300469
12 -1.729356113727816 4.030483660856484 0.5163214948843745 -9.777696316767027 -2.168718113291232 1.038248357515054
53 -0.9408063677921223 3.599369173182787 0.5145243624756181 0.01431493986012116 0.07812699328645545 1.022344963402694
5 12.36049061774766 -0.3041320040262785 0.2890834716098042 2.875484718837968 0.7702343413695537 1.103236272450436
100 14.40867310005597 0.8089379985024088 1.018592142475513 2.357598098128122 0.9581760562190733 0.5068035923199817
1 22.64889075154267 -0.2811748960073073 0.6015796789395152 12.4424325354866 -1.731947702954871 1.42063151373707
1 -10.00459183910129 1.338268833395465 0.497768054944993 1.461865981986266 1.751310793626184 0.9935671708620227
5 20.25321309350852 -0.1474783744458324 0.5860364003315124 1.362403334732505 0.3828620053053851 1.140313704231981
5 4.960120014557137 -0.9465822568148029 0.513947076932927 -9.23133824597897 0.6573375214676165 1.017259411642147
1 69.8680497962938 0.1848680831707725 0.5247280127756792 -3.631567967029925 4.781653077940568 1.057402597972669
1 -70.02795496408534 1.176677055703685 0.496371812535082 1.414256066280776 1.431287730720115 0.9908565634835829
5 70.64807161763729 -0.002218866064985793 0.5157690339140405 -0.3508344229555646 2.336828825278252 1.020205013386545
5 71.09657053989136 -0.7846632077301946 0.5135418830626378 1.118146081344958 0.9303640303285274 1.020147293269402
100 84.41627079440535 2.00147981311886 1.288399320019416 1.115446438093067 3.185535789149037 1.748877405964116
11 83.17667340166133 1.581815329356075 0.4968416234136136 0.8016462735998512 2.974856898505044 0.9918212677993152
12 -80.98613458596361 1.175513422508673 0.4963388418552422 1.497881855910728 1.428954911771573 0.9907926767422108
53 78.51001603059741 3.632589509254028 0.496954034248504 -1.044307345263789 0.131921785699115 0.9920800327474044
5 100.5337142721132 -0.9740149924307125 0.4965080618674421 0.00106765776437093 0.525177933520828 0.9911418806820815
100 413.9321593184559 1.172589241250178 1.386270631441042 1.454374761289307 1.423109149527331 0.9906576036425302
1 51.23319629007904 0.4546277080719252 0.5172587213242067 10.3264559770032 1.185421182609537 1.024956245120596
1 -39.94615050309457 1.187179071747484 0.4965400783494702 1.577692528813287 1.452378274797431 0.9911884202025982
5 39.03907944361792 -0.6684534768312558 0.5403818475621778 -1.343469311747306 -0.3609626971619449 1.085480881527017
5 34.04387960316018 -0.6800691141299875 0.5349990791472793 -11.15343883400128 1.517075918782261 1.118517406778285
1 7.195414179577354 -4.178600799728215 0.5024034780169989 1.968097650387319 1.691860306331292 1.002479830669039
1 -4.978614952911629 6.189483227414967 0.498529693366638 1.512823749007766 1.456325392931501 0.9950288415714749
5 4.917373096198816 4.633748183210489 0.5032096952405385 0.7579013581314257 0.1388421669227548 1.003559499688471
5 14.82926047115094 -14.72389365866182 0.502229641671983 0.5989181613206774 1.003439412327119 1.001983406744257
100 29.31793257340843 6.185907133667822 1.387656652854655 -7.285869765061019 1.444958605853998 0.9928082270892995
11 18.39827765330659 -4.198926948987416 0.5049391317989478 3.415400506226625 1.654498061584823 1.00825709263892
12 -15.33389659111856 6.192747058113157 0.496722943194311 0.7804010925647152 1.463455142259342 0.9915401267291601
53 5.591815208253302 44.60735933622505 0.4966460459588789 4.297276245390341 0.09591735095576973 0.9911627653115163
1 11.07123278031748 -4.240485863392846 0.5001503837841274 1.727344124540455 1.570513544989121 0.9984199407507766
1 -9.015519579025463 6.182197492312719 0.4969718105994806 1.439430133766252 1.442616971013334 0.9920560031933087
5 8.683940962331889 4.630418775339676 0.5008010357180183 0.2968072385148211 0.1304371469735263 0.9994233467279547
5 18.61119529357197 -14.83747370317329 0.4997096116457084 0.1580562648092625 0.7896391556091972 0.9973259917446464
100 30.90632399794139 6.164189916115859 1.384282370128288 1.402331280133583 1.405214121588187 0.9866052190838623
11 21.92955028660824 -4.302917299518096 0.4962718808805378 2.445176262020819 1.444381883090953 0.9906600934498732
12 -19.00006007000143 6.181795003048959 0.4962718808805378 1.470231391454597 1.441864739550362 0.9906600934498732
53 7.560190178431609 44.62989619673157 0.4962718808805378 -0.9417472765501246 0.1259286334498748 0.9906600934498732
44
2.000406588768675
1 -1.939952279186173 7.874813738284164 1.263168211165607 2.682787650550689 5.221191763199853 4.278516480906587
1 1.01227623526629 7.57074768127571 2.105160092566101 1.26377909594978 1.483293161619325 1.985764670060375
5 5.156019966442798 6.289251624297376 4.785413494078951 3.199202281331491 3.112174307659025 -2.683737524118694
5 -0.3231627996289825 -1.069486290190287 -16.73391046030201 -0.4197069158384338 0.5406909162354535 -8.566477968841586
100 6.501359953628633 5.527778359338821 1.23147832132094 2.334684565983004 1.409685562679728 1.840913228700325
11 6.233607604397742 6.086420911456795 2.035058895522821 5.114093423224982 4.15309753148931 1.830352366071496
12 -4.171097757276652 1.825131760296219 2.038044796482322 0.535866228031306 -1.205095500664825 2.015627376065605
53 -0.02971892081710857 4.121771084089983 2.034460864471588 1.74482010979792 0.9515688289738602 2.019366512504245
5 15.93510343554495 1.232356303984446 1.432262349881173 6.9205757902408 3.087238620490695 2.871654443404358
100 17.80665284324362 2.284640025102679 2.014814574463886 4.528931457059836 2.027263218321183 1.508373251784236
1 35.72030331667656 -0.344034471724772 2.576779222032007 13.4207100013923 1.790531090803764 2.501581699479813
1 -8.033094029686611 3.729022631673806 1.984287957596661 2.506747617734162 3.019504900214153 1.984092130208853
5 22.78728596004625 0.5996470837180198 2.24559351251784 3.87333652165767 1.061877787842503 2.15710554704422
5 -3.554470916558656 0.3317692887717771 2.026030651392099 -7.876871006293246 1.879525449710039 2.010458174186371
1 68.38030996240174 4.933383611320386 2.070821855091042 -0.2082305337413546 5.04742530482132 2.044280735500905
1 -68.14431909705198 3.102930818990386 1.97876214041892 2.358598618697012 2.427119934341732 1.978360516745155
5 72.41935403637675 1.667536452128044 2.038821255607617 4.044929866328867 1.40753727574254 2.027319629690061
5 73.32212006733532 0.9738407443171223 2.040497249855546 3.490533205460339 2.718147081039154 2.031941945373369
100 84.14285854755194 5.563649271053813 2.407267503830619 2.597126133986367 5.159769335560157 4.09090993391517
11 83.51315052362834 5.248305664752056 1.980715362425409 -0.08298963565925836 4.184109999178479 1.980396719209319
12 -78.9768862959109 3.098238150085911 1.978630230822404 2.52687701149821 2.422338164762915 1.978229256674696
53 77.90529772742842 4.261638718485336 1.981255880801984 -0.1683383351222702 1.128521301018456 1.980994813495003
5 100.9987192159416 0.04739881440908646 1.979331743340011 0.9302867810742269 1.520768802717043 1.978946950517376
100 415.8760376905572 3.086524319287342 2.868359177256473 2.439205734040415 2.410490925257772 1.977957098469307
1 61.84089897619187 2.173421686360169 2.039136762115759 10.96111642620891 2.246185572229083 2.02161271196083
1 -37.81642991953736 3.145493717029568 1.97942741965222 2.68919013650078 2.470750576445936 1.979032483012893
5 37.5024416480732 -0.004716182290886522 2.173970474578025 -1.700966085010215 1.77427925157025 2.18780068064377
5 23.16613773395018 3.030039911865297 2.350517346328077 -9.903215533698281 5.535610926889047 2.472659018530666
1 9.898599251752936 -1.84588207441488 2.002525649851438 3.446457996526516 2.99249686762347 2.002704660703921
1 -2.936708633731668 8.151536658702897 1.987176248290773 2.583166545933898 2.473529650882881 1.986790082878654
5 6.540305593088141 5.285451390239606 2.003858541572567 2.525665687684059 1.171577733066375 2.002175911844789
5 16.22123178966877 -13.02351790781104 2.000552050880704 2.214573881439383 2.38811419247143 1.998931645550122
100 28.92144607791723 8.027580312127604 2.857289693360201 3.703759263800708 2.2814254560925 1.957381159571012
11 23.01213466899566 -1.952614081239159 2.012329854645285 6.13484388935286 2.784951759704393 2.006027890512968
12 -14.54274881738218 8.165140117357721 1.979991702884226 0.64513746465747 2.484212048508152 1.979260972470436
53 3.437899025440247 45.28538442196081 1.977749164189613 -1.483367689572445 1.049302196698393 1.979032790136884
1 13.41289449622261 -2.102255846537182 1.993933005169474 2.959176022787042 2.713719564000677 1.993673801588743
1 -7.093672429009447 8.12612575446737 1.981146711690706 2.410024646752301 2.451384573043771 1.980733829741382
5 9.581190839804627 5.263488953660512 1.995388106553844 1.496610956060972 1.140150524030725 1.994018573434165
5 19.31427416425376 -13.43840826098713 1.991343616842007 1.250485196977618 2.006818948644283 1.990266260489701
100 32.77122109950331 8.048307775652857 2.86008516035715 2.332639477983387 2.367290665221099 1.969319549251596
11 24.85768157954462 -2.357261254568726 1.97836413541516 3.419660144201761 2.452686236516225 1.977962026842681
12 -17.03208206415341 8.12479903731278 1.97836413541516 2.471773471075808 2.450407653456932 1.977962026842681
53 7.112763700281984 45.24854962531553 1.97836413541516 0.04555465684268291 1.113230566842682 1.977962026842681
44
3.000949777468405
1 2.16638606745877 12.15255848063202 6.109289482294654 5.344164337131112 3.558237527583382 5.156678364702245
1 3.645527780910598 6.665644233838508 4.523533314689074 2.458600910542161 -4.437320950984007 2.973012457581768
5 13.20931530216687 3.62677937774588 4.136848262942022 8.153465806340774 -3.679829215993803 5.891598189020836
5 -0.1064264815366629 0.05592516559773276 -24.53003979648091 0.8265701232796511 1.687075692605326 -7.070771202620971
100 10.36394237312564 6.299491524104178 4.542054747067212 4.536141686476763 2.863972302372279 0.9055678717735144
11 12.09001618944267 8.919276464569558 4.372147776523147 6.536312698035963 2.094133657206019 2.894441808296173
12 -2.544558655416372 1.188490057132156 4.542940238930343 2.694442986192375 0.3508871384744077 2.996991058234082
53 2.485361782238285 5.605746250258419 4.550078073061541 3.284131928815268 2.039936594126385 3.008442535088854
5 22.23243688009888 4.282425322711563 3.82523577825822 12.44196864136168 6.512430129194277 4.990535728549104
100 23.56477787165559 5.0637324764437 4.127821229491567 6.905543368667513 3.467615387036839 2.706339677346257
1 49.03204498955352 3.168922455341721 4.771853968601839 13.25937355259625 4.452429660024126 2.59253235871828
1 -4.990286226721223 7.267543228253406 4.467312372735689 3.525451639547416 4.068586669118827 2.978994722686139
5 28.34826073235674 1.496015780601042 4.750780744476509 7.506466922957196 -0.07811989703848028 2.582150880795403
5 -10.87118833307733 2.819550519825881 4.533423817662815 -6.770964072756219 3.123895189704894 3.000844323377061
1 69.13410116643796 10.36147672323833 4.616467750638064 1.685180387975301 5.785715886985029 3.044725798373135
1 -65.31173442662042 6.030855602027795 4.453227181722584 3.302970455147688 3.425616143013725 2.96788343797003
5 77.87092491237092 4.277285584234961 4.398413116854623 -2.56705265273658 -4.352507803296675 3.612122871352597
5 77.72724972798039 6.750268422417562 4.324748767267158 -8.523309963503147 7.876732415200349 1.5937685222283
100 84.13168055882176 9.958725421445944 5.109632605427313 -2.0610397543952 3.961935509747054 1.674256192470397
11 83.1594870302978 9.680745333206437 4.457887270060923 -0.5378927841988306 4.587107813907719 2.971344853902172
12 -75.93236420180099 6.020051259679251 4.452929306884446 3.558988583001635 3.418160654285373 2.967682343762455
53 78.16833375689171 5.891628198913361 4.4592128437379 0.6869743644218121 2.12976057137696 2.972378617079474
5 102.3944672533901 2.068372248851234 4.454548525197299 1.859146674973182 2.519162110179923 2.968808373872979
100 418.810260821905 5.993290291904025 5.342316719350611 3.426054768600027 3.399884364608776 2.967271801796484
1 73.19086557874313 4.935586355246751 4.558901594109849 11.74044696876243 3.271900919847972 3.014734337108098
1 -34.56600648470664 6.129760368402351 4.454737534207804 3.809204033220193 3.49513799745278 2.96889981969771
5 35.66985586901963 3.260874818699112 4.927815280481618 -1.886038375832381 5.034508935879272 3.321816823399388
5 14.41162541895668 9.192850986553472 5.328028624243389 -7.949584486710241 6.655588864226112 3.451526426627293
1 14.07144698324222 1.820115634821489 4.507743536415285 4.884018039662608 4.339566004578454 3.004665021933418
1 0.1941735420555999 11.1363202565868 4.472100991812981 3.676648320998347 3.492833180924995 2.980251715311189
5 10.11559900878739 6.980005952220138 4.505621937018275 4.831330660125191 2.207373217466019 2.995595469884278
5 19.36826548699189 -10.01477721859503 4.498620091034017 4.190100253659361 3.549999225891249 2.99246659387704
100 32.67261187651962 10.97174533863661 5.332641843059554 -1.065262040128069 3.24522083443613 2.943051435978388
11 27.46055341127934 -0.8529383466609207 4.329924645695327 2.17416991706663 2.500693143022219 2.886649915871494
12 -12.56584273898682 10.9955615546187 4.44905419764601 6.571301821406411 3.410744504695537 2.965361392840399
53 4.223620307127199 46.80107478763348 4.45326646471562 3.135766833211703 1.997124399614661 2.969034163355642
1 16.98235319146699 1.188392533538658 4.487785996137087 4.173038378166906 3.864043423984502 2.99142440315523
1 -4.196024204612732 11.08537295210552 4.45856104516918 3.381866094254738 3.464261356785657 2.971398107696265
5 11.67141214007832 6.916109616644121 4.488602142537075 2.678559532389134 2.165185766571916 2.989539555127124
5 21.11308478017388 -10.83320130334716 4.480127762920287 2.344915703223536 3.196629247646869 2.984493619899032
100 35.57055587954857 10.89543120181589 5.322831502108954 3.262685067311117 3.322182060686147 2.953377403046183
11 28.7672251222794 0.6019933069530333 4.452327808873564 4.394999315544842 3.462495399472317 2.967279120965201
12 -14.05650250534115 11.08331759689328 4.452327808873564 3.47631631193151 3.4639537411046 2.967279120965201
53 7.653270341893725 46.85731212641659 4.452327808873564 1.0348717509652 2.102547660965195 2.967279120965201
